{
 "cells": [
  {
   "cell_type": "markdown",
   "id": "a73f063a",
   "metadata": {},
   "source": [
    "# 4\n"
   ]
  },
  {
   "cell_type": "code",
   "execution_count": 11,
   "id": "7e4fdaf4",
   "metadata": {},
   "outputs": [
    {
     "name": "stdout",
     "output_type": "stream",
     "text": [
      "Samples of X_train dataset 2560\n",
      "Samples of X_test dataset 640\n",
      "Samples of y_train dataset 2560\n",
      "Samples of y_test dataset 640\n",
      "X_train:\n"
     ]
    },
    {
     "data": {
      "text/html": [
       "<div>\n",
       "<style scoped>\n",
       "    .dataframe tbody tr th:only-of-type {\n",
       "        vertical-align: middle;\n",
       "    }\n",
       "\n",
       "    .dataframe tbody tr th {\n",
       "        vertical-align: top;\n",
       "    }\n",
       "\n",
       "    .dataframe thead th {\n",
       "        text-align: right;\n",
       "    }\n",
       "</style>\n",
       "<table border=\"1\" class=\"dataframe\">\n",
       "  <thead>\n",
       "    <tr style=\"text-align: right;\">\n",
       "      <th></th>\n",
       "      <th>home_team</th>\n",
       "      <th>away_team</th>\n",
       "      <th>rank_dif</th>\n",
       "      <th>goals_dif</th>\n",
       "      <th>goals_dif_l5</th>\n",
       "      <th>goals_suf_dif</th>\n",
       "      <th>goals_suf_dif_l5</th>\n",
       "      <th>goals_per_ranking_dif</th>\n",
       "      <th>dif_rank_agst</th>\n",
       "      <th>dif_rank_agst_l5</th>\n",
       "      <th>dif_points_rank</th>\n",
       "      <th>dif_points_rank_l5</th>\n",
       "      <th>is_friendly_1</th>\n",
       "    </tr>\n",
       "  </thead>\n",
       "  <tbody>\n",
       "    <tr>\n",
       "      <th>0</th>\n",
       "      <td>Barbados</td>\n",
       "      <td>Cuba</td>\n",
       "      <td>-21.0</td>\n",
       "      <td>2.0</td>\n",
       "      <td>2.0</td>\n",
       "      <td>1.0</td>\n",
       "      <td>1.0</td>\n",
       "      <td>0.037037</td>\n",
       "      <td>-92.0</td>\n",
       "      <td>-92.0</td>\n",
       "      <td>0.018519</td>\n",
       "      <td>0.018519</td>\n",
       "      <td>1</td>\n",
       "    </tr>\n",
       "    <tr>\n",
       "      <th>1</th>\n",
       "      <td>Barbados</td>\n",
       "      <td>Cuba</td>\n",
       "      <td>-21.0</td>\n",
       "      <td>1.0</td>\n",
       "      <td>1.0</td>\n",
       "      <td>0.5</td>\n",
       "      <td>0.5</td>\n",
       "      <td>0.008511</td>\n",
       "      <td>-35.5</td>\n",
       "      <td>-35.5</td>\n",
       "      <td>0.008897</td>\n",
       "      <td>0.008897</td>\n",
       "      <td>1</td>\n",
       "    </tr>\n",
       "    <tr>\n",
       "      <th>2</th>\n",
       "      <td>Mongolia</td>\n",
       "      <td>Guam</td>\n",
       "      <td>-4.0</td>\n",
       "      <td>4.0</td>\n",
       "      <td>4.0</td>\n",
       "      <td>-1.0</td>\n",
       "      <td>-1.0</td>\n",
       "      <td>0.021622</td>\n",
       "      <td>0.0</td>\n",
       "      <td>0.0</td>\n",
       "      <td>0.016216</td>\n",
       "      <td>0.016216</td>\n",
       "      <td>0</td>\n",
       "    </tr>\n",
       "    <tr>\n",
       "      <th>3</th>\n",
       "      <td>Nepal</td>\n",
       "      <td>Bhutan</td>\n",
       "      <td>-22.0</td>\n",
       "      <td>1.0</td>\n",
       "      <td>1.0</td>\n",
       "      <td>0.0</td>\n",
       "      <td>0.0</td>\n",
       "      <td>0.004975</td>\n",
       "      <td>7.0</td>\n",
       "      <td>7.0</td>\n",
       "      <td>0.000000</td>\n",
       "      <td>0.000000</td>\n",
       "      <td>0</td>\n",
       "    </tr>\n",
       "    <tr>\n",
       "      <th>4</th>\n",
       "      <td>Bangladesh</td>\n",
       "      <td>Pakistan</td>\n",
       "      <td>-7.0</td>\n",
       "      <td>-1.0</td>\n",
       "      <td>-1.0</td>\n",
       "      <td>-0.5</td>\n",
       "      <td>-0.5</td>\n",
       "      <td>-0.007200</td>\n",
       "      <td>30.5</td>\n",
       "      <td>30.5</td>\n",
       "      <td>-0.010437</td>\n",
       "      <td>-0.010437</td>\n",
       "      <td>0</td>\n",
       "    </tr>\n",
       "  </tbody>\n",
       "</table>\n",
       "</div>"
      ],
      "text/plain": [
       "    home_team away_team  rank_dif  goals_dif  goals_dif_l5  goals_suf_dif  \\\n",
       "0    Barbados      Cuba     -21.0        2.0           2.0            1.0   \n",
       "1    Barbados      Cuba     -21.0        1.0           1.0            0.5   \n",
       "2    Mongolia      Guam      -4.0        4.0           4.0           -1.0   \n",
       "3       Nepal    Bhutan     -22.0        1.0           1.0            0.0   \n",
       "4  Bangladesh  Pakistan      -7.0       -1.0          -1.0           -0.5   \n",
       "\n",
       "   goals_suf_dif_l5  goals_per_ranking_dif  dif_rank_agst  dif_rank_agst_l5  \\\n",
       "0               1.0               0.037037          -92.0             -92.0   \n",
       "1               0.5               0.008511          -35.5             -35.5   \n",
       "2              -1.0               0.021622            0.0               0.0   \n",
       "3               0.0               0.004975            7.0               7.0   \n",
       "4              -0.5              -0.007200           30.5              30.5   \n",
       "\n",
       "   dif_points_rank  dif_points_rank_l5  is_friendly_1  \n",
       "0         0.018519            0.018519              1  \n",
       "1         0.008897            0.008897              1  \n",
       "2         0.016216            0.016216              0  \n",
       "3         0.000000            0.000000              0  \n",
       "4        -0.010437           -0.010437              0  "
      ]
     },
     "metadata": {},
     "output_type": "display_data"
    },
    {
     "name": "stdout",
     "output_type": "stream",
     "text": [
      "y_train:\n"
     ]
    },
    {
     "data": {
      "text/html": [
       "<div>\n",
       "<style scoped>\n",
       "    .dataframe tbody tr th:only-of-type {\n",
       "        vertical-align: middle;\n",
       "    }\n",
       "\n",
       "    .dataframe tbody tr th {\n",
       "        vertical-align: top;\n",
       "    }\n",
       "\n",
       "    .dataframe thead th {\n",
       "        text-align: right;\n",
       "    }\n",
       "</style>\n",
       "<table border=\"1\" class=\"dataframe\">\n",
       "  <thead>\n",
       "    <tr style=\"text-align: right;\">\n",
       "      <th></th>\n",
       "      <th>target</th>\n",
       "    </tr>\n",
       "  </thead>\n",
       "  <tbody>\n",
       "    <tr>\n",
       "      <th>0</th>\n",
       "      <td>1</td>\n",
       "    </tr>\n",
       "    <tr>\n",
       "      <th>1</th>\n",
       "      <td>1</td>\n",
       "    </tr>\n",
       "    <tr>\n",
       "      <th>2</th>\n",
       "      <td>1</td>\n",
       "    </tr>\n",
       "    <tr>\n",
       "      <th>3</th>\n",
       "      <td>0</td>\n",
       "    </tr>\n",
       "    <tr>\n",
       "      <th>4</th>\n",
       "      <td>0</td>\n",
       "    </tr>\n",
       "  </tbody>\n",
       "</table>\n",
       "</div>"
      ],
      "text/plain": [
       "   target\n",
       "0       1\n",
       "1       1\n",
       "2       1\n",
       "3       0\n",
       "4       0"
      ]
     },
     "metadata": {},
     "output_type": "display_data"
    },
    {
     "name": "stdout",
     "output_type": "stream",
     "text": [
      "X_test:\n"
     ]
    },
    {
     "data": {
      "text/html": [
       "<div>\n",
       "<style scoped>\n",
       "    .dataframe tbody tr th:only-of-type {\n",
       "        vertical-align: middle;\n",
       "    }\n",
       "\n",
       "    .dataframe tbody tr th {\n",
       "        vertical-align: top;\n",
       "    }\n",
       "\n",
       "    .dataframe thead th {\n",
       "        text-align: right;\n",
       "    }\n",
       "</style>\n",
       "<table border=\"1\" class=\"dataframe\">\n",
       "  <thead>\n",
       "    <tr style=\"text-align: right;\">\n",
       "      <th></th>\n",
       "      <th>home_team</th>\n",
       "      <th>away_team</th>\n",
       "      <th>rank_dif</th>\n",
       "      <th>goals_dif</th>\n",
       "      <th>goals_dif_l5</th>\n",
       "      <th>goals_suf_dif</th>\n",
       "      <th>goals_suf_dif_l5</th>\n",
       "      <th>goals_per_ranking_dif</th>\n",
       "      <th>dif_rank_agst</th>\n",
       "      <th>dif_rank_agst_l5</th>\n",
       "      <th>dif_points_rank</th>\n",
       "      <th>dif_points_rank_l5</th>\n",
       "      <th>is_friendly_1</th>\n",
       "    </tr>\n",
       "  </thead>\n",
       "  <tbody>\n",
       "    <tr>\n",
       "      <th>2560</th>\n",
       "      <td>Morocco</td>\n",
       "      <td>Comoros</td>\n",
       "      <td>-104.0</td>\n",
       "      <td>0.781250</td>\n",
       "      <td>0.2</td>\n",
       "      <td>-0.912202</td>\n",
       "      <td>-0.4</td>\n",
       "      <td>0.013097</td>\n",
       "      <td>-30.389881</td>\n",
       "      <td>-68.6</td>\n",
       "      <td>0.025636</td>\n",
       "      <td>0.030096</td>\n",
       "      <td>0</td>\n",
       "    </tr>\n",
       "    <tr>\n",
       "      <th>2561</th>\n",
       "      <td>Gabon</td>\n",
       "      <td>Ghana</td>\n",
       "      <td>37.0</td>\n",
       "      <td>-0.090686</td>\n",
       "      <td>0.2</td>\n",
       "      <td>0.443627</td>\n",
       "      <td>0.2</td>\n",
       "      <td>-0.003208</td>\n",
       "      <td>15.752451</td>\n",
       "      <td>15.6</td>\n",
       "      <td>-0.002582</td>\n",
       "      <td>-0.004016</td>\n",
       "      <td>0</td>\n",
       "    </tr>\n",
       "    <tr>\n",
       "      <th>2562</th>\n",
       "      <td>South Korea</td>\n",
       "      <td>Iceland</td>\n",
       "      <td>-29.0</td>\n",
       "      <td>0.647619</td>\n",
       "      <td>0.2</td>\n",
       "      <td>-1.080952</td>\n",
       "      <td>-0.6</td>\n",
       "      <td>0.004299</td>\n",
       "      <td>17.052381</td>\n",
       "      <td>-26.0</td>\n",
       "      <td>0.015580</td>\n",
       "      <td>0.026649</td>\n",
       "      <td>1</td>\n",
       "    </tr>\n",
       "    <tr>\n",
       "      <th>2563</th>\n",
       "      <td>Nigeria</td>\n",
       "      <td>Sudan</td>\n",
       "      <td>-89.0</td>\n",
       "      <td>0.401434</td>\n",
       "      <td>1.0</td>\n",
       "      <td>-0.573477</td>\n",
       "      <td>-1.6</td>\n",
       "      <td>0.007106</td>\n",
       "      <td>-21.334528</td>\n",
       "      <td>18.0</td>\n",
       "      <td>0.027568</td>\n",
       "      <td>0.022632</td>\n",
       "      <td>0</td>\n",
       "    </tr>\n",
       "    <tr>\n",
       "      <th>2564</th>\n",
       "      <td>Guinea-Bissau</td>\n",
       "      <td>Egypt</td>\n",
       "      <td>61.0</td>\n",
       "      <td>-0.770690</td>\n",
       "      <td>-0.8</td>\n",
       "      <td>0.998276</td>\n",
       "      <td>0.8</td>\n",
       "      <td>-0.007272</td>\n",
       "      <td>-7.724138</td>\n",
       "      <td>30.8</td>\n",
       "      <td>-0.013644</td>\n",
       "      <td>-0.011007</td>\n",
       "      <td>0</td>\n",
       "    </tr>\n",
       "  </tbody>\n",
       "</table>\n",
       "</div>"
      ],
      "text/plain": [
       "          home_team away_team  rank_dif  goals_dif  goals_dif_l5  \\\n",
       "2560        Morocco   Comoros    -104.0   0.781250           0.2   \n",
       "2561          Gabon     Ghana      37.0  -0.090686           0.2   \n",
       "2562    South Korea   Iceland     -29.0   0.647619           0.2   \n",
       "2563        Nigeria     Sudan     -89.0   0.401434           1.0   \n",
       "2564  Guinea-Bissau     Egypt      61.0  -0.770690          -0.8   \n",
       "\n",
       "      goals_suf_dif  goals_suf_dif_l5  goals_per_ranking_dif  dif_rank_agst  \\\n",
       "2560      -0.912202              -0.4               0.013097     -30.389881   \n",
       "2561       0.443627               0.2              -0.003208      15.752451   \n",
       "2562      -1.080952              -0.6               0.004299      17.052381   \n",
       "2563      -0.573477              -1.6               0.007106     -21.334528   \n",
       "2564       0.998276               0.8              -0.007272      -7.724138   \n",
       "\n",
       "      dif_rank_agst_l5  dif_points_rank  dif_points_rank_l5  is_friendly_1  \n",
       "2560             -68.6         0.025636            0.030096              0  \n",
       "2561              15.6        -0.002582           -0.004016              0  \n",
       "2562             -26.0         0.015580            0.026649              1  \n",
       "2563              18.0         0.027568            0.022632              0  \n",
       "2564              30.8        -0.013644           -0.011007              0  "
      ]
     },
     "metadata": {},
     "output_type": "display_data"
    },
    {
     "name": "stdout",
     "output_type": "stream",
     "text": [
      "y_test:\n"
     ]
    },
    {
     "data": {
      "text/html": [
       "<div>\n",
       "<style scoped>\n",
       "    .dataframe tbody tr th:only-of-type {\n",
       "        vertical-align: middle;\n",
       "    }\n",
       "\n",
       "    .dataframe tbody tr th {\n",
       "        vertical-align: top;\n",
       "    }\n",
       "\n",
       "    .dataframe thead th {\n",
       "        text-align: right;\n",
       "    }\n",
       "</style>\n",
       "<table border=\"1\" class=\"dataframe\">\n",
       "  <thead>\n",
       "    <tr style=\"text-align: right;\">\n",
       "      <th></th>\n",
       "      <th>target</th>\n",
       "    </tr>\n",
       "  </thead>\n",
       "  <tbody>\n",
       "    <tr>\n",
       "      <th>2560</th>\n",
       "      <td>0</td>\n",
       "    </tr>\n",
       "    <tr>\n",
       "      <th>2561</th>\n",
       "      <td>1</td>\n",
       "    </tr>\n",
       "    <tr>\n",
       "      <th>2562</th>\n",
       "      <td>0</td>\n",
       "    </tr>\n",
       "    <tr>\n",
       "      <th>2563</th>\n",
       "      <td>0</td>\n",
       "    </tr>\n",
       "    <tr>\n",
       "      <th>2564</th>\n",
       "      <td>1</td>\n",
       "    </tr>\n",
       "  </tbody>\n",
       "</table>\n",
       "</div>"
      ],
      "text/plain": [
       "      target\n",
       "2560       0\n",
       "2561       1\n",
       "2562       0\n",
       "2563       0\n",
       "2564       1"
      ]
     },
     "metadata": {},
     "output_type": "display_data"
    }
   ],
   "source": [
    "import numpy as np\n",
    "import matplotlib.pyplot as plt\n",
    "import pandas as pd\n",
    "from sklearn.discriminant_analysis import LinearDiscriminantAnalysis as LDA\n",
    "from sklearn.discriminant_analysis import QuadraticDiscriminantAnalysis as QDA\n",
    "from sklearn.linear_model import LogisticRegression as LR\n",
    "from sklearn.naive_bayes import GaussianNB as NB\n",
    "from sklearn.neighbors import KNeighborsClassifier as kNN\n",
    "from sklearn import preprocessing\n",
    "df = pd.read_csv(\"../data/soccer.csv\")\n",
    "X = df.drop(\"target\", axis=1)\n",
    "y = df[[\"target\"]]\n",
    "\n",
    "\n",
    "X_train, y_train = X.iloc[:2560], y.iloc[:2560]\n",
    "X_test, y_test = X.iloc[2560:], y.iloc[2560:]\n",
    "\n",
    "\n",
    "print(\"Samples of X_train dataset\", X_train.shape[0])\n",
    "print(\"Samples of X_test dataset\", X_test.shape[0])\n",
    "print(\"Samples of y_train dataset\", y_train.shape[0])\n",
    "print(\"Samples of y_test dataset\", y_test.shape[0])\n",
    "\n",
    "print('X_train:')\n",
    "display(X_train.head())\n",
    "print('y_train:')\n",
    "display(y_train.head())\n",
    "print('X_test:')\n",
    "display(X_test.head())\n",
    "print('y_test:')\n",
    "display(y_test.head())"
   ]
  },
  {
   "cell_type": "code",
   "execution_count": 12,
   "id": "5898ae80",
   "metadata": {},
   "outputs": [
    {
     "data": {
      "text/html": [
       "<div>\n",
       "<style scoped>\n",
       "    .dataframe tbody tr th:only-of-type {\n",
       "        vertical-align: middle;\n",
       "    }\n",
       "\n",
       "    .dataframe tbody tr th {\n",
       "        vertical-align: top;\n",
       "    }\n",
       "\n",
       "    .dataframe thead th {\n",
       "        text-align: right;\n",
       "    }\n",
       "</style>\n",
       "<table border=\"1\" class=\"dataframe\">\n",
       "  <thead>\n",
       "    <tr style=\"text-align: right;\">\n",
       "      <th></th>\n",
       "      <th>0</th>\n",
       "      <th>1</th>\n",
       "      <th>2</th>\n",
       "      <th>3</th>\n",
       "      <th>4</th>\n",
       "      <th>5</th>\n",
       "      <th>6</th>\n",
       "      <th>7</th>\n",
       "      <th>8</th>\n",
       "      <th>9</th>\n",
       "      <th>10</th>\n",
       "    </tr>\n",
       "  </thead>\n",
       "  <tbody>\n",
       "    <tr>\n",
       "      <th>0</th>\n",
       "      <td>-0.248218</td>\n",
       "      <td>2.245957</td>\n",
       "      <td>1.710918</td>\n",
       "      <td>1.089978</td>\n",
       "      <td>0.869097</td>\n",
       "      <td>1.193660</td>\n",
       "      <td>-2.697098</td>\n",
       "      <td>-2.504762</td>\n",
       "      <td>0.221283</td>\n",
       "      <td>0.178124</td>\n",
       "      <td>1.741119</td>\n",
       "    </tr>\n",
       "    <tr>\n",
       "      <th>1</th>\n",
       "      <td>-0.248218</td>\n",
       "      <td>1.101890</td>\n",
       "      <td>0.831728</td>\n",
       "      <td>0.570203</td>\n",
       "      <td>0.452160</td>\n",
       "      <td>0.236789</td>\n",
       "      <td>-0.972943</td>\n",
       "      <td>-0.919497</td>\n",
       "      <td>0.065923</td>\n",
       "      <td>0.061954</td>\n",
       "      <td>1.741119</td>\n",
       "    </tr>\n",
       "    <tr>\n",
       "      <th>2</th>\n",
       "      <td>0.042702</td>\n",
       "      <td>4.534091</td>\n",
       "      <td>3.469298</td>\n",
       "      <td>-0.989123</td>\n",
       "      <td>-0.798652</td>\n",
       "      <td>0.676576</td>\n",
       "      <td>0.110376</td>\n",
       "      <td>0.076554</td>\n",
       "      <td>0.184109</td>\n",
       "      <td>0.150327</td>\n",
       "      <td>-0.574343</td>\n",
       "    </tr>\n",
       "    <tr>\n",
       "      <th>3</th>\n",
       "      <td>-0.265331</td>\n",
       "      <td>1.101890</td>\n",
       "      <td>0.831728</td>\n",
       "      <td>0.050427</td>\n",
       "      <td>0.035223</td>\n",
       "      <td>0.118196</td>\n",
       "      <td>0.323989</td>\n",
       "      <td>0.272959</td>\n",
       "      <td>-0.077729</td>\n",
       "      <td>-0.045460</td>\n",
       "      <td>-0.574343</td>\n",
       "    </tr>\n",
       "    <tr>\n",
       "      <th>4</th>\n",
       "      <td>-0.008637</td>\n",
       "      <td>-1.186244</td>\n",
       "      <td>-0.926653</td>\n",
       "      <td>-0.469348</td>\n",
       "      <td>-0.381715</td>\n",
       "      <td>-0.290212</td>\n",
       "      <td>1.041115</td>\n",
       "      <td>0.932317</td>\n",
       "      <td>-0.246249</td>\n",
       "      <td>-0.171470</td>\n",
       "      <td>-0.574343</td>\n",
       "    </tr>\n",
       "  </tbody>\n",
       "</table>\n",
       "</div>"
      ],
      "text/plain": [
       "         0         1         2         3         4         5         6   \\\n",
       "0 -0.248218  2.245957  1.710918  1.089978  0.869097  1.193660 -2.697098   \n",
       "1 -0.248218  1.101890  0.831728  0.570203  0.452160  0.236789 -0.972943   \n",
       "2  0.042702  4.534091  3.469298 -0.989123 -0.798652  0.676576  0.110376   \n",
       "3 -0.265331  1.101890  0.831728  0.050427  0.035223  0.118196  0.323989   \n",
       "4 -0.008637 -1.186244 -0.926653 -0.469348 -0.381715 -0.290212  1.041115   \n",
       "\n",
       "         7         8         9         10  \n",
       "0 -2.504762  0.221283  0.178124  1.741119  \n",
       "1 -0.919497  0.065923  0.061954  1.741119  \n",
       "2  0.076554  0.184109  0.150327 -0.574343  \n",
       "3  0.272959 -0.077729 -0.045460 -0.574343  \n",
       "4  0.932317 -0.246249 -0.171470 -0.574343  "
      ]
     },
     "metadata": {},
     "output_type": "display_data"
    },
    {
     "data": {
      "text/html": [
       "<div>\n",
       "<style scoped>\n",
       "    .dataframe tbody tr th:only-of-type {\n",
       "        vertical-align: middle;\n",
       "    }\n",
       "\n",
       "    .dataframe tbody tr th {\n",
       "        vertical-align: top;\n",
       "    }\n",
       "\n",
       "    .dataframe thead th {\n",
       "        text-align: right;\n",
       "    }\n",
       "</style>\n",
       "<table border=\"1\" class=\"dataframe\">\n",
       "  <thead>\n",
       "    <tr style=\"text-align: right;\">\n",
       "      <th></th>\n",
       "      <th>0</th>\n",
       "      <th>1</th>\n",
       "      <th>2</th>\n",
       "      <th>3</th>\n",
       "      <th>4</th>\n",
       "      <th>5</th>\n",
       "      <th>6</th>\n",
       "      <th>7</th>\n",
       "      <th>8</th>\n",
       "      <th>9</th>\n",
       "      <th>10</th>\n",
       "    </tr>\n",
       "  </thead>\n",
       "  <tbody>\n",
       "    <tr>\n",
       "      <th>0</th>\n",
       "      <td>-1.668593</td>\n",
       "      <td>0.851625</td>\n",
       "      <td>0.128376</td>\n",
       "      <td>-0.897853</td>\n",
       "      <td>-0.298327</td>\n",
       "      <td>0.390641</td>\n",
       "      <td>-0.817002</td>\n",
       "      <td>-1.848209</td>\n",
       "      <td>0.336212</td>\n",
       "      <td>0.317906</td>\n",
       "      <td>-0.574343</td>\n",
       "    </tr>\n",
       "    <tr>\n",
       "      <th>1</th>\n",
       "      <td>0.744333</td>\n",
       "      <td>-0.145928</td>\n",
       "      <td>0.128376</td>\n",
       "      <td>0.511601</td>\n",
       "      <td>0.201997</td>\n",
       "      <td>-0.156290</td>\n",
       "      <td>0.591079</td>\n",
       "      <td>0.514256</td>\n",
       "      <td>-0.119424</td>\n",
       "      <td>-0.093950</td>\n",
       "      <td>-0.574343</td>\n",
       "    </tr>\n",
       "    <tr>\n",
       "      <th>2</th>\n",
       "      <td>-0.385122</td>\n",
       "      <td>0.698742</td>\n",
       "      <td>0.128376</td>\n",
       "      <td>-1.073277</td>\n",
       "      <td>-0.465102</td>\n",
       "      <td>0.095526</td>\n",
       "      <td>0.630747</td>\n",
       "      <td>-0.652948</td>\n",
       "      <td>0.173840</td>\n",
       "      <td>0.276288</td>\n",
       "      <td>1.741119</td>\n",
       "    </tr>\n",
       "    <tr>\n",
       "      <th>3</th>\n",
       "      <td>-1.411899</td>\n",
       "      <td>0.417090</td>\n",
       "      <td>0.831728</td>\n",
       "      <td>-0.545731</td>\n",
       "      <td>-1.298977</td>\n",
       "      <td>0.189661</td>\n",
       "      <td>-0.540669</td>\n",
       "      <td>0.581594</td>\n",
       "      <td>0.367399</td>\n",
       "      <td>0.227793</td>\n",
       "      <td>-0.574343</td>\n",
       "    </tr>\n",
       "    <tr>\n",
       "      <th>4</th>\n",
       "      <td>1.155044</td>\n",
       "      <td>-0.923898</td>\n",
       "      <td>-0.750815</td>\n",
       "      <td>1.088186</td>\n",
       "      <td>0.702322</td>\n",
       "      <td>-0.292604</td>\n",
       "      <td>-0.125334</td>\n",
       "      <td>0.940734</td>\n",
       "      <td>-0.298027</td>\n",
       "      <td>-0.178358</td>\n",
       "      <td>-0.574343</td>\n",
       "    </tr>\n",
       "  </tbody>\n",
       "</table>\n",
       "</div>"
      ],
      "text/plain": [
       "         0         1         2         3         4         5         6   \\\n",
       "0 -1.668593  0.851625  0.128376 -0.897853 -0.298327  0.390641 -0.817002   \n",
       "1  0.744333 -0.145928  0.128376  0.511601  0.201997 -0.156290  0.591079   \n",
       "2 -0.385122  0.698742  0.128376 -1.073277 -0.465102  0.095526  0.630747   \n",
       "3 -1.411899  0.417090  0.831728 -0.545731 -1.298977  0.189661 -0.540669   \n",
       "4  1.155044 -0.923898 -0.750815  1.088186  0.702322 -0.292604 -0.125334   \n",
       "\n",
       "         7         8         9         10  \n",
       "0 -1.848209  0.336212  0.317906 -0.574343  \n",
       "1  0.514256 -0.119424 -0.093950 -0.574343  \n",
       "2 -0.652948  0.173840  0.276288  1.741119  \n",
       "3  0.581594  0.367399  0.227793 -0.574343  \n",
       "4  0.940734 -0.298027 -0.178358 -0.574343  "
      ]
     },
     "metadata": {},
     "output_type": "display_data"
    }
   ],
   "source": [
    "X_train = X_train.drop([\"home_team\", \"away_team\"], axis=1)\n",
    "X_test = X_test.drop([\"home_team\", \"away_team\"], axis=1)\n",
    "scaler = preprocessing.StandardScaler()\n",
    "X_train = scaler.fit_transform(X_train)\n",
    "X_test = scaler.transform(X_test)\n",
    "\n",
    "display(pd.DataFrame(X_train).head())\n",
    "display(pd.DataFrame(X_test).head())"
   ]
  },
  {
   "cell_type": "markdown",
   "id": "91e19a77",
   "metadata": {},
   "source": [
    "## b"
   ]
  },
  {
   "cell_type": "code",
   "execution_count": 13,
   "id": "ec8a264a",
   "metadata": {},
   "outputs": [
    {
     "name": "stderr",
     "output_type": "stream",
     "text": [
      "c:\\Users\\User\\miniconda3\\envs\\ml_impa\\Lib\\site-packages\\sklearn\\utils\\validation.py:1352: DataConversionWarning: A column-vector y was passed when a 1d array was expected. Please change the shape of y to (n_samples, ), for example using ravel().\n",
      "  y = column_or_1d(y, warn=True)\n",
      "c:\\Users\\User\\miniconda3\\envs\\ml_impa\\Lib\\site-packages\\sklearn\\utils\\validation.py:1352: DataConversionWarning: A column-vector y was passed when a 1d array was expected. Please change the shape of y to (n_samples, ), for example using ravel().\n",
      "  y = column_or_1d(y, warn=True)\n",
      "c:\\Users\\User\\miniconda3\\envs\\ml_impa\\Lib\\site-packages\\sklearn\\utils\\validation.py:1352: DataConversionWarning: A column-vector y was passed when a 1d array was expected. Please change the shape of y to (n_samples, ), for example using ravel().\n",
      "  y = column_or_1d(y, warn=True)\n",
      "c:\\Users\\User\\miniconda3\\envs\\ml_impa\\Lib\\site-packages\\sklearn\\utils\\validation.py:1352: DataConversionWarning: A column-vector y was passed when a 1d array was expected. Please change the shape of y to (n_samples, ), for example using ravel().\n",
      "  y = column_or_1d(y, warn=True)\n",
      "c:\\Users\\User\\miniconda3\\envs\\ml_impa\\Lib\\site-packages\\sklearn\\neighbors\\_classification.py:243: DataConversionWarning: A column-vector y was passed when a 1d array was expected. Please change the shape of y to (n_samples,), for example using ravel().\n",
      "  return self._fit(X, y)\n"
     ]
    }
   ],
   "source": [
    "models_to_test = [LDA, QDA, LR, NB, kNN]\n",
    "results_dict = {}\n",
    "for model_type in models_to_test:\n",
    "    model_name = model_type.__name__\n",
    "    params = {}\n",
    "    if model_type in [LDA,QDA]:\n",
    "        params.update({'store_covariance': True})\n",
    "    results_dict[model_name] = {}\n",
    "    cls = model_type(**params)\n",
    "    cls.fit(X_train,y_train.values.ravel())\n",
    "    \n",
    "\n",
    "    # save model for later analysis\n",
    "    results_dict[model_name]['in_sample_predictions'] = cls.predict(X_train)\n",
    "    results_dict[model_name]['test_predictions'] = cls.predict(X_test)\n",
    "    results_dict[model_name]['model'] = cls\n",
    "    \n",
    "\n",
    "    # train model with no ravel for the sake of comparison\n",
    "    cls2 = model_type(**params)\n",
    "    cls2.fit(X_train,y_train)\n",
    "    results_dict[model_name]['in_sample_predictions_no_ravel'] = cls2.predict(X_train)\n",
    "    results_dict[model_name]['test_predictions_no_ravel'] = cls2.predict(X_test)\n",
    "    results_dict[model_name]['model_no_ravel'] = cls2"
   ]
  },
  {
   "cell_type": "code",
   "execution_count": 14,
   "id": "88160d05",
   "metadata": {},
   "outputs": [
    {
     "name": "stdout",
     "output_type": "stream",
     "text": [
      "LinearDiscriminantAnalysis\n",
      "In-sample: True\n",
      "Test predictions: True\n",
      "\n",
      "\n",
      "QuadraticDiscriminantAnalysis\n",
      "In-sample: True\n",
      "Test predictions: True\n",
      "\n",
      "\n",
      "LogisticRegression\n",
      "In-sample: True\n",
      "Test predictions: True\n",
      "\n",
      "\n",
      "GaussianNB\n",
      "In-sample: True\n",
      "Test predictions: True\n",
      "\n",
      "\n",
      "KNeighborsClassifier\n",
      "In-sample: True\n",
      "Test predictions: True\n",
      "\n",
      "\n"
     ]
    }
   ],
   "source": [
    "# Check if predictions are the same for both ravel and no ravel models\n",
    "for model in models_to_test:\n",
    "    print(model.__name__)\n",
    "    print(\"In-sample:\", (results_dict[model.__name__]['in_sample_predictions'] == results_dict[model.__name__]['in_sample_predictions_no_ravel']).all())\n",
    "    print(\"Test predictions:\", (results_dict[model.__name__]['test_predictions'] == results_dict[model.__name__]['test_predictions_no_ravel']).all())\n",
    "    print('\\n')"
   ]
  },
  {
   "cell_type": "code",
   "execution_count": 15,
   "id": "521289ac",
   "metadata": {},
   "outputs": [
    {
     "name": "stdout",
     "output_type": "stream",
     "text": [
      "LinearDiscriminantAnalysis\n",
      "\n",
      "\n",
      "- coef_: [[ 0.81020182 -0.25509109 -0.02597723  0.01737212  0.23328399  0.06932802\n",
      "   0.36582449 -0.04958442 -0.08327417  0.04290928  0.04662934]] \n",
      "\n",
      "- intercept_: [0.10899716] \n",
      "\n",
      "- covariance_: [[ 0.77998276 -0.29321423 -0.28988186  0.33921409  0.32965147 -0.27400118\n",
      "   0.43809293  0.27007243 -0.31062814 -0.21450372 -0.07323   ]\n",
      " [-0.29321423  0.93006391  0.73517881 -0.39009735 -0.32195095  0.45802684\n",
      "   0.09493708  0.11345468  0.31304343  0.23520374  0.04208835]\n",
      " [-0.28988186  0.73517881  0.93334199 -0.31368572 -0.33014768  0.37419603\n",
      "   0.02412058  0.24146858  0.24982019  0.20443947  0.04177604]\n",
      " [ 0.33921409 -0.39009735 -0.31368572  0.91932382  0.77769448 -0.12942208\n",
      "  -0.03239098 -0.05951943 -0.17720866 -0.14784585 -0.04960233]\n",
      " [ 0.32965147 -0.32195095 -0.33014768  0.77769448  0.91175206 -0.11925099\n",
      "   0.01165817 -0.1587498  -0.16609566 -0.14825051 -0.02481927]\n",
      " [-0.27400118  0.45802684  0.37419603 -0.12942208 -0.11925099  0.95275676\n",
      "  -0.28011282 -0.20284288  0.59204196  0.40790096  0.0437551 ]\n",
      " [ 0.43809293  0.09493708  0.02412058 -0.03239098  0.01165817 -0.28011282\n",
      "   0.90314679  0.70044957 -0.31356713 -0.18852954 -0.08682247]\n",
      " [ 0.27007243  0.11345468  0.24146858 -0.05951943 -0.1587498  -0.20284288\n",
      "   0.70044957  0.97022761 -0.22195788 -0.20292192 -0.09132436]\n",
      " [-0.31062814  0.31304343  0.24982019 -0.17720866 -0.16609566  0.59204196\n",
      "  -0.31356713 -0.22195788  0.94056628  0.68280593  0.08384638]\n",
      " [-0.21450372  0.23520374  0.20443947 -0.14784585 -0.14825051  0.40790096\n",
      "  -0.18852954 -0.20292192  0.68280593  0.97446364  0.04935627]\n",
      " [-0.07323     0.04208835  0.04177604 -0.04960233 -0.02481927  0.0437551\n",
      "  -0.08682247 -0.09132436  0.08384638  0.04935627  0.99909167]] \n",
      "\n",
      "- means_: [[-0.48890126  0.27564079  0.26910326 -0.29605026 -0.30963146  0.22654925\n",
      "  -0.32437681 -0.17984552  0.25410269  0.1665606   0.03141345]\n",
      " [ 0.45002389 -0.25372186 -0.2477042   0.27250838  0.2850096  -0.20853408\n",
      "   0.2985824   0.16554423 -0.23389647 -0.15331572 -0.02891546]] \n",
      "\n",
      "\n",
      " ---------------------------------------------------------------------------------------------------- \n",
      "\n",
      "QuadraticDiscriminantAnalysis\n",
      "\n",
      "\n",
      "- covariance_: [array([[ 0.75013471, -0.25097101, -0.25384205,  0.29565017,  0.28686077,\n",
      "        -0.25604146,  0.423219  ,  0.26256539, -0.28380404, -0.20671235,\n",
      "         0.03560597],\n",
      "       [-0.25097101,  0.93313802,  0.73100893, -0.35578869, -0.28667856,\n",
      "         0.46819072,  0.13476745,  0.14904705,  0.29382583,  0.22588674,\n",
      "        -0.02090117],\n",
      "       [-0.25384205,  0.73100893,  0.93518421, -0.28563783, -0.29631704,\n",
      "         0.38043523,  0.04498676,  0.26311255,  0.24009926,  0.19615468,\n",
      "        -0.02540114],\n",
      "       [ 0.29565017, -0.35578869, -0.28563783,  0.92840418,  0.77966254,\n",
      "        -0.07011204, -0.08038682, -0.09679859, -0.15669859, -0.14422132,\n",
      "         0.01674931],\n",
      "       [ 0.28686077, -0.28667856, -0.29631704,  0.77966254,  0.91747943,\n",
      "        -0.06610597, -0.02391351, -0.17401292, -0.14526794, -0.15048754,\n",
      "         0.05803678],\n",
      "       [-0.25604146,  0.46819072,  0.38043523, -0.07011204, -0.06610597,\n",
      "         0.974157  , -0.28503121, -0.20673914,  0.56176153,  0.40410071,\n",
      "         0.00567994],\n",
      "       [ 0.423219  ,  0.13476745,  0.04498676, -0.08038682, -0.02391351,\n",
      "        -0.28503121,  0.93255916,  0.73425318, -0.29326941, -0.19159257,\n",
      "        -0.01218547],\n",
      "       [ 0.26256539,  0.14904705,  0.26311255, -0.09679859, -0.17401292,\n",
      "        -0.20673914,  0.73425318,  0.9965512 , -0.19435305, -0.19917369,\n",
      "        -0.06849749],\n",
      "       [-0.28380404,  0.29382583,  0.24009926, -0.15669859, -0.14526794,\n",
      "         0.56176153, -0.29326941, -0.19435305,  1.04277803,  0.75207912,\n",
      "         0.03610616],\n",
      "       [-0.20671235,  0.22588674,  0.19615468, -0.14422132, -0.15048754,\n",
      "         0.40410071, -0.19159257, -0.19917369,  0.75207912,  0.95217414,\n",
      "         0.02978488],\n",
      "       [ 0.03560597, -0.02090117, -0.02540114,  0.01674931,  0.05803678,\n",
      "         0.00567994, -0.01218547, -0.06849749,  0.03610616,  0.02978488,\n",
      "         1.03651041]]), array([[ 0.80862665, -0.33253601, -0.32348889,  0.37982054,  0.36953188,\n",
      "        -0.29094309,  0.45244099,  0.27738757, -0.335784  , -0.22199713,\n",
      "        -0.17351481],\n",
      "       [-0.33253601,  0.92863092,  0.74012073, -0.42226147, -0.35489979,\n",
      "         0.44935952,  0.05841894,  0.08086509,  0.33120174,  0.24413245,\n",
      "         0.10012839],\n",
      "       [-0.32348889,  0.74012073,  0.93304779, -0.33997256, -0.36178181,\n",
      "         0.36901521,  0.00495114,  0.2219096 ,  0.25914264,  0.21237193,\n",
      "         0.10367002],\n",
      "       [ 0.37982054, -0.42226147, -0.33997256,  0.91234644,  0.77705074,\n",
      "        -0.18420658,  0.01173673, -0.0252963 , -0.19635262, -0.15140393,\n",
      "        -0.11074821],\n",
      "       [ 0.36953188, -0.35489979, -0.36178181,  0.77705074,  0.90784947,\n",
      "        -0.1683458 ,  0.04441657, -0.14493968, -0.18551532, -0.1464141 ,\n",
      "        -0.10111893],\n",
      "       [-0.29094309,  0.44935952,  0.36901521, -0.18420658, -0.1683458 ,\n",
      "         0.93449011, -0.27600642, -0.19956126,  0.62080164,  0.41201125,\n",
      "         0.07886596],\n",
      "       [ 0.45244099,  0.05841894,  0.00495114,  0.01173673,  0.04441657,\n",
      "        -0.27600642,  0.87743112,  0.67038776, -0.33272039, -0.18599334,\n",
      "        -0.15565025],\n",
      "       [ 0.27738757,  0.08086509,  0.2219096 , -0.0252963 , -0.14493968,\n",
      "        -0.19956126,  0.67038776,  0.94745564, -0.2476992 , -0.20667654,\n",
      "        -0.11247181],\n",
      "       [-0.335784  ,  0.33120174,  0.25914264, -0.19635262, -0.18551532,\n",
      "         0.62080164, -0.33272039, -0.2476992 ,  0.84790076,  0.62007071,\n",
      "         0.12791336],\n",
      "       [-0.22199713,  0.24413245,  0.21237193, -0.15140393, -0.1464141 ,\n",
      "         0.41201125, -0.18599334, -0.20667654,  0.62007071,  0.99644251,\n",
      "         0.06744428],\n",
      "       [-0.17351481,  0.10012839,  0.10367002, -0.11074821, -0.10111893,\n",
      "         0.07886596, -0.15565025, -0.11247181,  0.12791336,  0.06744428,\n",
      "         0.96615083]])] \n",
      "\n",
      "- means_: [[-0.48890126  0.27564079  0.26910326 -0.29605026 -0.30963146  0.22654925\n",
      "  -0.32437681 -0.17984552  0.25410269  0.1665606   0.03141345]\n",
      " [ 0.45002389 -0.25372186 -0.2477042   0.27250838  0.2850096  -0.20853408\n",
      "   0.2985824   0.16554423 -0.23389647 -0.15331572 -0.02891546]] \n",
      "\n",
      "\n",
      " ---------------------------------------------------------------------------------------------------- \n",
      "\n",
      "LogisticRegression\n",
      "\n",
      "\n",
      "- coef_: [[ 0.87358343 -0.28592693 -0.01971581  0.05550151  0.25704636  0.07790444\n",
      "   0.40435162 -0.0532562  -0.07797707  0.06265874  0.04688898]] \n",
      "\n",
      "- intercept_: [0.12847411] \n",
      "\n",
      "\n",
      " ---------------------------------------------------------------------------------------------------- \n",
      "\n",
      "GaussianNB\n",
      "\n",
      "\n",
      "- theta_: [[-0.48890126  0.27564079  0.26910326 -0.29605026 -0.30963146  0.22654925\n",
      "  -0.32437681 -0.17984552  0.25410269  0.1665606   0.03141345]\n",
      " [ 0.45002389 -0.25372186 -0.2477042   0.27250838  0.2850096  -0.20853408\n",
      "   0.2985824   0.16554423 -0.23389647 -0.15331572 -0.02891546]] \n",
      "\n",
      "- var_: [[0.74952336 0.93237752 0.93442204 0.92764754 0.91673169 0.97336307\n",
      "  0.93179913 0.99573902 1.04192817 0.95139812 1.03566566]\n",
      " [0.80802003 0.92793427 0.93234783 0.91166201 0.90716841 0.93378907\n",
      "  0.87677289 0.94674487 0.84726468 0.99569499 0.96542603]] \n",
      "\n",
      "\n",
      " ---------------------------------------------------------------------------------------------------- \n",
      "\n",
      "KNeighborsClassifier\n",
      "\n",
      "\n",
      "\n",
      " ---------------------------------------------------------------------------------------------------- \n",
      "\n"
     ]
    }
   ],
   "source": [
    "# Check the coefficients of all models\n",
    "for model_name in models_to_test:\n",
    "    print(model_name.__name__)\n",
    "    print('\\n')\n",
    "    model = results_dict[model_name.__name__]['model']\n",
    "    \n",
    "    features = ['coef_', 'intercept_', 'theta_', 'var_', 'covariance_', 'means_']\n",
    "    for feature in features:\n",
    "        if hasattr(model, feature):\n",
    "            print(f\"- {feature}:\", getattr(model, feature), '\\n')\n",
    "    print('\\n', '-'*100, '\\n')\n",
    "\n",
    "# What is the covariance matrix learned by LDA and QDA?\n",
    "# What model NBGaussian corresponds to?"
   ]
  },
  {
   "cell_type": "code",
   "execution_count": 16,
   "id": "47901219",
   "metadata": {},
   "outputs": [
    {
     "name": "stdout",
     "output_type": "stream",
     "text": [
      "Confusion Matrix for LinearDiscriminantAnalysis:\n"
     ]
    },
    {
     "data": {
